<?xml version="1.0" encoding="utf-8"?>
<COLLADA version="1.4.0" xmlns="http://www.collada.org/2005/11/COLLADASchema">
  <asset>
    <contributor>
      <author>www.makehuman.org</author>
    </contributor>
    <created>Sat, 21 Mar 2015 09:38:04 +0000</created>
    <modified>Sat, 21 Mar 2015 09:38:04 +0000</modified>
    <unit meter="0.1000" name="decimeter"/>
    <up_axis>Y_UP</up_axis>
  </asset>

  <library_images>
    <image id="brown_eye_png" name="brown_eye_png">
      <init_from>textures\brown_eye.png</init_from>
    </image>
  </library_images>

  <library_effects>
    <effect id="DefaultSkin-effect">
      <profile_COMMON>
        <technique sid="common">
          <phong>
            <diffuse>
              <color>0.5903 0.4400 0.3380 1.0000</color> 
            </diffuse>
            <transparency>
            </transparency>
            <specular>
              <color>0.3000 0.3000 0.3000 1.0000</color> 
            </specular>
            <shininess><float>245.76</float></shininess>
            <normal>
            </normal>
            <bump>
            </bump>
            <displacement>
            </displacement>
          </phong>
          <extra/>
        </technique>
        <extra>
          <technique profile="GOOGLEEARTH">
            <show_double_sided>1</show_double_sided>
          </technique>
        </extra>
      </profile_COMMON>
      <extra><technique profile="MAX3D"><double_sided>1</double_sided></technique></extra>
    </effect>
    <effect id="Eye_brown-effect">
      <profile_COMMON>
        <newparam sid="brown_eye_png-surface">
          <surface type="2D">
            <init_from>brown_eye_png</init_from>
          </surface>
        </newparam>
        <newparam sid="brown_eye_png-sampler">
          <sampler2D>
            <source>brown_eye_png-surface</source>
          </sampler2D>
        </newparam>
        <technique sid="common">
          <phong>
            <diffuse>
              <color>1.0000 1.0000 1.0000 0.0000</color> 
              <texture texture="brown_eye_png-sampler" texcoord="UVTex"/>
            </diffuse>
            <transparency>
              <texture texture="brown_eye_png-sampler" texcoord="UVTex"/>
            </transparency>
            <specular>
              <color>1.0000 1.0000 1.0000 0.0000</color> 
            </specular>
            <shininess><float>256.0</float></shininess>
            <normal>
            </normal>
            <bump>
            </bump>
            <displacement>
            </displacement>
          </phong>
          <extra/>
        </technique>
        <extra>
          <technique profile="GOOGLEEARTH">
            <show_double_sided>1</show_double_sided>
          </technique>
        </extra>
      </profile_COMMON>
      <extra><technique profile="MAX3D"><double_sided>1</double_sided></technique></extra>
    </effect>
  </library_effects>

  <library_materials>
    <material id="DefaultSkin" name="DefaultSkin">
      <instance_effect url="#DefaultSkin-effect"/>
    </material>
    <material id="Eye_brown" name="Eye_brown">
      <instance_effect url="#Eye_brown-effect"/>
    </material>
  </library_materials>

  <library_controllers>

    <controller id="personagem_marcus-male1591-skin">
      <skin source="#personagem_marcus-male1591Mesh">
        <bind_shape_matrix>
          1 0 0 0
          0 1 0 0
          0 0 1 0
          0 0 0 1
        </bind_shape_matrix>
        <source id="personagem_marcus-male1591-skin-joints">
          <IDREF_array count="65" id="personagem_marcus-male1591-skin-joints-array">
            Hips LeftUpLeg RightUpLeg Spine LeftLeg RightLeg Spine1 LeftFoot RightFoot Spine2 LeftToeBase RightToeBase Spine3 RightShoulder LeftShoulder Neck RightShoulderExtra LeftShoulderExtra Head RightArm LeftArm EyeRight EyeLeft RightForeArm LeftForeArm RightHand LeftHand RightInHandPinky RightInHandMiddle RightInHandRing RightHandThumb1 RightInHandIndex LeftInHandPinky LeftInHandIndex LeftInHandRing LeftInHandMiddle LeftHandThumb1 RightHandPinky1 RightHandMiddle1 RightHandRing1 RightHandThumb2 RightHandIndex1 LeftHandPinky1 LeftHandIndex1 LeftHandRing1 LeftHandMiddle1 LeftHandThumb2 RightHandPinky2 RightHandMiddle2 RightHandRing2 RightHandThumb3 RightHandIndex2 LeftHandPinky2 LeftHandIndex2 LeftHandRing2 LeftHandMiddle2 LeftHandThumb3 RightHandPinky3 RightHandMiddle3 RightHandRing3 RightHandIndex3 LeftHandPinky3 LeftHandIndex3 LeftHandRing3 LeftHandMiddle3
          </IDREF_array>
          <technique_common>
            <accessor count="65" source="#personagem_marcus-male1591-skin-joints-array" stride="1">
              <param type="IDREF" name="JOINT"></param>
            </accessor>
          </technique_common>
        </source>
        <source id="personagem_marcus-male1591-skin-weights">
          <float_array count="3077" id="personagem_marcus-male1591-skin-weights-array">
           0.995777 0.266246 0.683604 0.22431 0.67161 0.00904997 0.00234019 0.0111779 0.614485 0.162703 0.996159 1.0 0.743168 0.603368 1.0 0.58449 0.227358 0.132827 0.894818 0.896776 0.916505 0.370026 0.922087 0.940029 0.0526736 0.0868258 0.0912599 0.0288664 0.00055198 0.125457 0.747253 0.907386 0.69884 0.266863 0.894146 0.671858 0.114261 0.150696 0.724538 0.65484 0.136331 0.638582 0.120558 1.0 1.0 0.673626 0.96876 0.994965 1.0 0.328264 0.266246 0.683604 0.22431 0.671611 0.00904997 0.00234019 0.0111779 0.614485 0.162703 0.996159 1.0 1.0 0.743168 0.603368 1.0 0.58449 0.227358 0.132827 0.894818 0.896776 0.916505 0.370026 0.922087 0.989525 0.940029 0.0526736 0.0868258 0.0912599 0.0288664 0.00055198 0.125457 0.747253 0.69884 0.266863 0.894146 0.671858 0.114261 0.150696 0.724538 0.65484 0.136331 0.638582 0.120558 0.104229 0.733754 0.316396 0.77569 0.328389 0.385515 0.244489 0.968619 1.0 0.837297 1.0 0.00384091 0.256832 0.396632 0.41551 0.772641 0.867173 0.0870431 0.083666 0.0365305 0.629974 0.0779131 0.00192722 0.210523 0.980651 1.0 1.0 0.947326 0.22192 0.971509 0.99659 1.0 0.913174 0.162269 0.984386 1.0 0.90874 1.0 0.151639 0.934736 1.0 0.971134 1.0 0.113183 0.910601 1.0 1.0 1.0 0.172205 0.21953 0.90051 0.950821 1.0 0.991269 0.999448 1.0 1.0 1.0 0.30116 0.00503529 0.0312398 0.733754 0.316396 0.77569 0.32839 0.385515 0.244489 0.968619 1.0 0.837297 1.0 0.00384091 0.256832 0.396632 0.41551 0.772641 0.867173 0.0870431 0.083666 0.0365305 0.629974 0.0779131 0.00192722 0.210523 0.980651 1.0 1.0 0.947326 0.22192 0.971509 0.99659 1.0 0.913174 0.162269 0.984386 1.0 0.90874 1.0 0.151639 0.934736 1.0 0.971134 1.0 0.113183 0.910601 1.0 1.0 1.0 0.172205 0.21953 0.90051 0.950821 1.0 0.991269 0.999448 1.0 1.0 1.0 0.30116 0.00422285 0.00316983 0.018139 0.0195578 0.046965 0.0580436 0.032248 0.0297322 0.656364 0.252747 0.00902508 0.092614 0.0014276 0.176855 0.650052 0.105444 0.0166391 0.0068675 0.328142 0.653565 0.662674 0.275462 0.34516 0.659083 0.131932 0.361418 0.65514 0.228607 0.254956 0.326374 0.265954 0.00316983 0.624659 0.018139 0.0195578 0.046965 0.0104753 0.0580436 0.032248 0.0297322 0.656364 0.252747 0.00902508 0.0014276 0.176855 0.650052 0.105444 0.0166391 0.0068675 0.328142 0.653565 0.662674 0.275462 0.34516 0.659083 0.131932 0.361418 0.65514 0.666949 0.228607 0.0876137 0.0521226 0.392266 1.0 1.0 0.755511 0.0313808 0.378625 1.0 1.0 0.789478 0.0193492 0.485653 1.0 1.0 0.77808 0.0284906 0.00341027 0.534757 1.0 1.0 0.837731 0.0156138 0.583725 1.0 1.0 0.848361 0.0652639 0.542567 1.0 1.0 0.886818 0.0893985 0.614661 0.593202 0.997887 0.99942 1.0 1.0 0.827795 0.78047 0.09949 0.0491787 0.00873089 0.0876137 0.0521226 0.392266 1.0 1.0 0.755511 0.0313808 0.378625 1.0 1.0 0.789477 0.0193492 0.485653 1.0 1.0 0.77808 0.0284906 0.00341027 0.534757 1.0 1.0 0.837731 0.0156138 0.583725 1.0 1.0 0.848361 0.0652639 0.542567 1.0 1.0 0.886818 0.0893985 0.614661 0.593202 0.997887 0.99942 1.0 1.0 0.827795 0.78047 0.09949 0.0491787 0.00873089 0.0872575 0.215153 0.0627737 0.208264 0.0874971 0.570707 0.218179 0.0439729 0.210323 0.536573 0.083085 0.068975 0.13672 0.504051 0.621566 0.232174 0.18663 0.204586 0.237592 0.559034 0.224302 0.266511 0.510696 0.504956 0.515954 0.215153 0.0627737 0.04349 0.0874971 0.570707 0.218179 0.0439729 0.210323 0.536573 0.083085 0.068975 0.13672 0.504051 0.621566 0.232174 0.18663 0.204586 0.237592 0.559034 0.224302 0.221524 0.266511 0.510696 0.40909 1.0 0.118437 1.0 0.97121 0.93774 1.0 1.0 0.767734 1.0 1.0 1.0 0.925843 0.815514 1.0 1.0 1.0 1.0 1.0 1.0 1.0 1.0 1.0 1.0 1.0 1.0 0.751278 1.0 0.793834 0.6105 0.912386 0.947877 0.607734 0.621375 0.514347 0.465243 0.416275 0.457433 0.385339 0.406798 0.00211332 0.000580104 1.0 0.118437 1.0 0.97121 0.93774 1.0 1.0 0.767734 1.0 1.0 1.0 0.925843 0.815514 1.0 1.0 1.0 1.0 1.0 1.0 1.0 1.0 1.0 1.0 1.0 1.0 0.751278 1.0 0.793834 0.6105 0.912386 0.947877 0.607734 0.621375 0.514347 0.465243 0.416275 0.457433 0.385339 0.406798 0.00211332 0.000580104 1.0 0.831341 0.866534 1.0 0.987349 0.912742 0.52305 0.784847 0.934056 0.187195 0.791736 0.117628 0.00409563 0.0679222 0.00671076 0.0996442 0.0653758 0.176523 0.601424 0.934002 0.882771 0.429293 0.767883 0.820358 1.0 0.652325 0.73685 1.0 0.948943 0.9448 0.425967 0.956027 0.998189 0.346955 0.920465 0.607011 0.538485 0.789677 0.286572 0.000409311 0.914386 0.86328 0.495949 0.371566 0.762408 0.309034 0.733489 0.260696 0.153586 1.0 0.866534 1.0 1.0 0.987349 0.188417 1.0 0.240087 0.218093 0.784847 0.934056 0.187195 0.0874928 0.00358644 0.117628 0.00409563 0.0679222 0.00671076 0.0996442 0.0653758 0.176523 0.601424 0.934002 0.882771 0.429293 0.820358 1.0 0.652325 0.73685 1.0 0.948943 0.9448 0.425967 0.956027 0.998189 0.346955 0.920465 0.60701 0.538485 0.789677 0.286572 0.000409311 0.914386 0.86328 0.495949 0.371566 0.762408 0.309034 0.00729731 0.733489 0.260696 0.59091 0.153586 1.0 1.0 1.0 1.0 0.881562 1.0 1.0 1.0 0.02879 0.06226 1.0 1.0 1.0 1.0 1.0 1.0 1.0 1.0 0.232266 0.074157 0.184486 0.248722 0.206166 0.3895 1.0 1.0 1.0 1.0 0.881562 1.0 1.0 1.0 0.02879 0.06226 1.0 1.0 1.0 1.0 1.0 1.0 1.0 1.0 0.232266 0.074157 0.184486 0.248722 0.206166 0.3895 0.168659 0.133466 0.0126511 0.47695 0.648143 0.0996429 0.316838 0.286637 0.287544 0.271842 0.296015 0.242887 0.21253 0.223126 0.759241 0.573332 0.804547 0.799633 0.367487 0.82746 0.812041 0.679706 0.626738 0.849504 0.0716619 0.0404499 0.399936 0.612781 0.476506 0.173016 0.495856 0.932078 0.878476 0.777255 0.204008 0.778049 0.645977 0.686766 0.398167 0.03375 0.232118 0.179642 0.347675 0.26315 0.0420317 1.0 1.0 0.870029 0.401261 0.0537725 0.574033 0.00181073 0.653045 0.0795353 0.392989 0.461515 0.480662 0.846414 0.240058 0.0228493 0.760782 0.735982 0.344714 0.00165989 0.00846947 0.201348 0.174391 0.449308 0.04626 0.0827269 0.000597711 0.069775 0.00277436 0.0625219 0.133466 0.0126511 0.811583 0.0196 0.316838 0.467175 0.286637 0.287544 0.271842 0.296015 0.242887 0.21253 0.573332 0.804547 0.98454 0.799633 0.367487 0.82746 0.912507 0.812041 0.626738 0.849504 0.0716619 0.0404499 0.399936 0.612781 0.476506 0.173016 0.495856 0.932078 0.878476 0.777255 0.204008 0.778049 0.645977 0.686766 0.398167 0.03375 0.179642 0.347675 0.26315 0.0420317 1.0 0.870029 0.401261 0.0537725 0.574033 0.00181073 0.653045 0.0795353 0.39299 0.461515 0.480662 0.846414 0.240058 0.0228493 0.760782 0.735982 0.344714 0.00165989 0.00846947 0.201348 0.174391 0.449308 0.04626 0.0827269 0.000597711 0.069775 0.00277436 0.0625219 0.0478256 0.130287 0.291259 0.149628 0.0456908 0.188473 0.0082581 0.200367 0.0751476 0.00253577 0.175083 0.179041 0.00430695 0.0131373 0.0804455 0.131434 0.0981002 0.0427257 0.242986 0.231214 0.38144 0.383918 0.295807 0.326416 0.45194 0.336451 0.0478256 0.130287 0.291259 0.149628 0.0456908 0.188473 0.0082581 0.200367 0.0751476 0.00253577 0.175083 0.179041 0.00430695 0.0131373 0.0804455 0.131434 0.0981002 0.0427257 0.242986 0.231214 0.38144 0.383918 0.295807 0.326416 0.45194 0.336451 0.351858 0.868866 0.707615 0.635336 0.583075 0.414756 0.569745 0.658295 0.757113 0.78747 0.776874 0.240759 0.238196 0.0389839 0.320294 0.194221 0.00334455 0.0197371 0.239218 0.252315 0.221775 0.988187 0.920934 0.857138 0.698918 0.162839 0.657177 0.150862 0.500447 0.108096 0.301258 0.0616496 0.112161 0.00405269 0.351949 0.683083 0.391996 0.34304 0.332499 0.287433 0.298996 0.234803 0.204721 0.190008 0.788212 0.95374 0.758858 0.876685 0.653486 0.875 0.698435 0.875 0.0905441 0.0349964 0.00394953 0.00050869 0.00986815 0.0724922 0.0259619 0.9804 0.704645 0.178878 0.635336 0.532825 0.583075 0.414756 0.569745 0.658295 0.757113 0.78747 0.238196 0.0154598 0.0389839 0.194221 0.00334455 0.0197371 0.239218 0.252315 0.221775 0.988187 0.920934 0.857138 0.698918 0.162839 0.657177 0.150862 0.500447 0.108096 0.301258 0.0616496 0.112161 0.00405269 0.351949 0.683083 0.391996 0.332499 0.287433 0.298996 0.234803 0.204721 0.190008 0.788212 0.95374 0.758858 0.876685 0.653486 0.875 0.698435 0.875 0.0905441 0.0349964 0.00394953 0.00050869 0.00986815 0.0724922 0.00644053 0.00878409 0.280785 0.181296 0.191794 0.358296 0.239535 0.0389052 0.00214701 0.0687631 0.133983 0.53949 0.0959771 0.00970738 0.573063 0.82522 0.0318303 0.0872455 0.355753 0.216923 0.351751 0.573495 0.011703 0.137703 0.237432 0.168948 0.0242333 0.00644053 0.00878409 0.280785 0.181296 0.191794 0.358296 0.239535 0.0389052 0.00214701 0.0687631 0.133983 0.53949 0.0959771 0.00970738 0.573063 0.82522 0.0318302 0.0872455 0.355753 0.216923 0.351751 0.573495 0.011703 0.137703 0.237432 0.168948 0.0242333 1.0 0.0314912 1.0 1.0 0.292385 1.0 1.0 1.0 1.0 1.0 1.0 1.0 1.0 1.0 1.0 1.0 1.0 1.0 1.0 1.0 1.0 1.0 1.0 1.0 1.0 1.0 1.0 0.993267 0.995982 1.0 1.0 1.0 0.961016 1.0 1.0 1.0 1.0 1.0 1.0 1.0 1.0 1.0 1.0 1.0 1.0 1.0 1.0 1.0 1.0 1.0 1.0 1.0 1.0 1.0 0.0118125 0.0790662 1.0 0.142862 1.0 0.301082 0.837161 1.0 1.0 0.342823 0.849138 1.0 1.0 0.499553 0.883278 1.0 0.690602 0.932947 0.998939 1.0 1.0 1.0 1.0 1.0 1.0 0.887839 0.995947 1.0 1.0 1.0 1.0 1.0 1.0 1.0 1.0 1.0 1.0 1.0 1.0 1.0 1.0 1.0 1.0 1.0 1.0 1.0 1.0 0.648051 0.316917 1.0 0.608004 0.65696 0.665841 0.704097 0.701004 0.211788 0.241142 0.0405878 0.345916 0.055225 0.29879 0.0624781 1.0 1.0 1.0 1.0 1.0 1.0 1.0 1.0 1.0 1.0 1.0 1.0 1.0 1.0 1.0 1.0 0.909456 1.0 1.0 1.0 1.0 1.0 1.0 0.965004 1.0 1.0 1.0 1.0 1.0 1.0 1.0 0.99605 1.0 1.0 0.999491 0.990132 1.0 1.0 1.0 1.0 1.0 1.0 1.0 1.0 1.0 1.0 1.0 1.0 1.0 1.0 1.0 1.0 1.0 1.0 1.0 1.0 1.0 1.0 1.0 1.0 1.0 1.0 1.0 1.0 1.0 1.0 1.0 1.0 1.0 1.0 1.0 1.0 1.0 1.0 1.0 1.0 1.0 1.0 1.0 1.0 1.0 1.0 1.0 1.0 1.0 1.0 1.0 1.0 1.0 1.0 1.0 1.0 1.0 1.0 1.0 1.0 1.0 1.0 1.0 1.0 0.927508 1.0 1.0 1.0 1.0 1.0 1.0 1.0 1.0 1.0 1.0 1.0 1.0 1.0 1.0 1.0 1.0 1.0 1.0 1.0 1.0 1.0 1.0 1.0 1.0 1.0 1.0 1.0 1.0 1.0 1.0 1.0 1.0 1.0 1.0 1.0 1.0 1.0 1.0 1.0 1.0 1.0 1.0 1.0 1.0 1.0 1.0 1.0 0.974038 1.0 0.295355 0.821122 1.0 1.0 1.0 1.0 1.0 1.0 1.0 1.0 1.0 1.0 1.0 1.0 1.0 1.0 1.0 1.0 0.993267 0.995982 1.0 1.0 1.0 0.961016 1.0 1.0 1.0 1.0 1.0 1.0 1.0 1.0 1.0 1.0 1.0 1.0 1.0 1.0 1.0 1.0 1.0 1.0 1.0 1.0 1.0 1.0 1.0 1.0 1.0 1.0 0.0118125 0.0790662 1.0 0.142862 1.0 1.0 0.301082 0.837161 1.0 1.0 0.342823 0.849138 1.0 1.0 0.499553 0.883278 1.0 0.690602 0.932947 0.998939 1.0 1.0 1.0 1.0 1.0 1.0 0.887839 0.995947 1.0 1.0 1.0 1.0 1.0 1.0 1.0 1.0 1.0 1.0 1.0 1.0 1.0 1.0 1.0 1.0 1.0 1.0 1.0 0.648051 0.316917 1.0 0.608004 0.665841 0.704097 0.701004 0.211788 0.241142 0.0405878 0.345916 0.055225 0.29879 0.0624781 1.0 1.0 1.0 1.0 1.0 1.0 1.0 1.0 1.0 1.0 1.0 1.0 1.0 1.0 1.0 1.0 0.909456 1.0 1.0 1.0 1.0 1.0 1.0 0.965004 1.0 1.0 1.0 1.0 1.0 1.0 1.0 0.99605 1.0 1.0 0.999491 0.990132 1.0 1.0 1.0 1.0 1.0 1.0 1.0 1.0 1.0 1.0 1.0 1.0 1.0 1.0 1.0 1.0 1.0 1.0 1.0 1.0 1.0 1.0 1.0 1.0 1.0 1.0 1.0 1.0 1.0 1.0 1.0 1.0 1.0 1.0 1.0 1.0 1.0 1.0 1.0 1.0 1.0 1.0 1.0 1.0 1.0 1.0 1.0 1.0 1.0 1.0 1.0 1.0 1.0 1.0 1.0 1.0 1.0 1.0 1.0 1.0 1.0 1.0 1.0 1.0 1.0 0.927508 1.0 1.0 1.0 1.0 1.0 1.0 1.0 1.0 1.0 1.0 1.0 1.0 1.0 1.0 1.0 1.0 1.0 1.0 1.0 1.0 1.0 1.0 1.0 1.0 1.0 1.0 1.0 1.0 1.0 1.0 1.0 1.0 1.0 1.0 1.0 1.0 1.0 1.0 1.0 1.0 1.0 1.0 0.27658 0.170004 0.00673317 0.00401756 0.0128769 0.416446 0.619045 0.431388 0.336361 0.348882 0.782543 0.778313 0.99095 1.0 0.99766 1.0 1.0 1.0 1.0 0.367595 0.988822 0.0328681 0.742735 0.808206 0.641704 0.760465 0.920645 0.597917 0.314361 0.376374 0.207049 0.408167 0.114813 0.213037 0.0914951 0.0766796 0.122307 0.256817 0.136711 0.000408852 0.0712006 0.0234067 0.0086261 0.00814012 0.00540314 0.00106083 0.27658 0.170004 0.00673317 0.00401756 0.0128769 0.416446 0.619045 0.431388 0.336361 0.348882 0.782543 0.778313 0.99095 1.0 0.99766 1.0 1.0 1.0 1.0 0.367595 0.988822 0.0328681 0.742735 0.808206 0.641704 0.760465 0.920645 0.597917 0.314361 0.376374 0.207049 0.408167 0.114813 0.213037 0.0914951 0.0766796 0.122307 0.256817 0.136711 0.000408852 0.0712006 0.0234067 0.0086261 0.00814012 0.00540314 0.00106083 1.0 1.0 1.0 1.0 1.0 1.0 1.0 1.0 0.583554 0.380955 0.568613 0.663639 0.651118 0.217458 0.221687 0.632405 0.0848225 0.000127134 0.0385644 0.221443 0.0279285 0.0864614 0.192796 0.172138 0.144161 0.172168 1.0 1.0 1.0 1.0 1.0 1.0 1.0 1.0 0.583554 0.380955 0.568613 0.663639 0.651118 0.217458 0.221687 0.632405 0.0848225 0.000127134 0.0385644 0.221443 0.0279285 0.0864614 0.192796 0.172138 0.144161 0.172168 0.0472516 0.274777 0.361308 0.034498 0.47138 0.172392 0.00127355 0.00233348 0.0103318 0.729972 0.915178 0.482236 0.174988 0.0766219 0.0032787 0.747061 0.0443106 0.0155433 0.118218 0.242616 0.12489 0.00267159 0.00034692 0.0190553 0.397001 0.462576 0.570295 0.726711 0.72309 0.778557 0.972072 0.779535 0.71129 0.73841 0.706659 0.728947 0.0472516 0.274777 0.361308 0.034498 0.47138 0.172392 0.00127355 0.00233348 0.0103318 0.729972 0.915178 0.482236 0.174988 0.0766219 0.0032787 0.747061 0.0443106 0.0155434 0.118218 0.242616 0.12489 0.00267159 0.00034692 0.0190553 0.397001 0.462576 0.570295 0.726711 0.72309 0.778557 0.972072 0.779535 0.71129 0.73841 0.706659 0.728947 0.078032 0.342453 0.0201247 0.445375 0.70513 0.826031 0.402302 0.501968 0.452449 0.0485816 0.860174 0.848378 0.4156 0.0313702 0.0445054 0.888059 0.590196 0.240817 0.855752 0.352048 0.0367638 0.542954 0.221838 0.0273134 0.244959 0.0709878 0.0225589 0.130561 0.0198321 0.027565 0.0136562 0.260434 0.0219558 0.0264566 0.00256773 0.414633 0.216836 0.0159313 0.0194773 0.0331497 0.0777867 0.188024 0.326346 0.139888 0.145954 0.337542 0.0152245 0.0116375 0.0756143 0.0225716 0.441043 0.377231 0.438229 0.376097 0.0482932 0.0437367 0.408704 0.356769 0.0271472 0.0104503 0.000320658 0.0361713 0.0328343 0.0216247 0.00342407 0.121696 0.493299 0.362343 0.0329595 0.183076 0.157105 0.0431411 0.215093 0.0534062 0.199103 0.011882 0.0148153 0.0114759 0.0720172 0.0494261 0.0277924 0.0510971 0.116619 0.130162 0.0212039 0.0653105 0.0100914 0.0157444 0.013766 0.143628 0.271457 0.0621988 0.00513818 0.0482758 0.0628797 0.0289935 0.317835 0.242883 0.177814 0.0239708 0.0680207 0.10708 0.107809 0.0725947 0.382464 0.397105 0.397766 0.0261086 0.281365 0.0196339 0.0828879 0.467795 0.383676 0.162474 0.00343949 0.021606 0.0217858 0.00869792 0.0996005 0.489122 0.333214 0.0388374 0.0298437 0.188082 0.121214 0.0969235 0.164805 0.0273656 0.191874 0.0307656 0.0123946 0.0110241 0.00143747 0.0354218 0.0540475 0.00747061 0.022497 0.0477036 0.0344678 0.0506 0.0104611 0.0192523 0.0176399 0.0677909 0.133177 0.0451834 0.0476385 0.0265724 0.149555 0.231202 0.0477965 0.0819801 0.00472972 0.256659 0.433603 0.360897 0.203268 0.176721 0.274107 0.370362 0.392432 0.691744 0.58682 0.119033 0.422176 0.731162 0.19815 0.0466477 0.285863 0.414133 0.0150049 0.334101 0.038233 0.134003 0.135101 0.00811039 0.230535 0.145245 0.344255 0.0154445 0.107994 0.522849 0.0105861 0.415863 0.724203 0.014878 0.392547 0.689329 0.652428 0.0525988 0.260784 0.32679 0.388639 0.389792 0.482698 0.0139765 0.136723 0.57644 0.746747 0.466225 0.30281 0.505277 0.156357 0.101434 0.241495 0.442772 0.35515 0.0372953 0.118335 0.00285086 0.0281759 0.0425373 0.0425515 0.0218517 0.116399 0.130782 0.0253195 0.203311 0.0222232 0.0829238 0.00609239 0.0902587 0.0762793 0.00193619 0.0276415 0.0418669 0.00913105 0.00626671 0.00820137 0.202892 0.0501415 0.0957361 0.0172251 0.255132 0.337923 0.0904568 0.0140784 0.0617809 0.078032 0.342453 0.0201247 0.445375 0.70513 0.826031 0.402302 0.501968 0.452449 0.0485816 0.860174 0.848378 0.4156 0.0313702 0.0445054 0.888059 0.590196 0.240817 0.855752 0.352048 0.0367638 0.542956 0.221838 0.0273134 0.244959 0.0709878 0.0225589 0.130561 0.0198321 0.027565 0.0136562 0.260434 0.0219558 0.0264566 0.00256773 0.414633 0.216836 0.0159313 0.0194773 0.0331497 0.0777867 0.188024 0.230535 0.145245 0.344255 0.0154445 0.107994 0.522849 0.0105861 0.415863 0.724203 0.014878 0.392547 0.689329 0.652428 0.0525988 0.260784 0.32679 0.388638 0.389792 0.482698 0.0139765 0.136723 0.57644 0.746747 0.466225 0.30281 0.505277 0.156357 0.101434 0.241495 0.442772 0.35515 0.0372953 0.118335 0.00285086 0.0281759 0.0425373 0.0425515 0.0218517 0.116399 0.130782 0.0253195 0.203311 0.0222232 0.0829238 0.00609239 0.0902587 0.0762793 0.00193619 0.0276415 0.0418669 0.00913105 0.00626671 0.00820137 0.202892 0.0501415 0.0957361 0.0172251 0.255132 0.337923 0.0904568 0.0140784 0.0617809 0.317835 0.242883 0.177814 0.0239708 0.0680207 0.10708 0.107809 0.0725947 0.382464 0.397105 0.397766 0.0261086 0.281365 0.0196339 0.0828879 0.467795 0.383676 0.162474 0.00343949 0.021606 0.0217858 0.00869792 0.0996005 0.489122 0.333214 0.0388374 0.029844 0.188082 0.121214 0.0969235 0.164805 0.0273656 0.191874 0.0307656 0.0123946 0.0110241 0.00143747 0.0354218 0.0540475 0.00747061 0.022497 0.0477036 0.0344678 0.0506 0.0104611 0.0192523 0.0176399 0.0677909 0.133177 0.0451834 0.0476385 0.0265724 0.326346 0.139888 0.145954 0.337542 0.0152245 0.0116375 0.0756143 0.0225716 0.441043 0.377231 0.438229 0.376097 0.0482932 0.0437367 0.408704 0.356769 0.0271472 0.0104503 0.000320658 0.0361713 0.0328341 0.0216247 0.00342407 0.121696 0.493299 0.362343 0.0329595 0.183076 0.157105 0.0431411 0.215093 0.0534062 0.199103 0.011882 0.0148153 0.0114759 0.0720172 0.0494261 0.0277924 0.0510971 0.116619 0.130162 0.0212039 0.0653105 0.0100914 0.0157444 0.013766 0.143628 0.271457 0.0621988 0.00513818 0.0482758 0.0628797 0.0289935 0.149555 0.231202 0.0477965 0.0819801 0.00472972 0.256659 0.433602 0.360898 0.203268 0.176721 0.274107 0.370362 0.392432 0.691744 0.58682 0.119033 0.422176 0.731162 0.19815 0.0466477 0.285863 0.414133 0.0150049 0.334101 0.038233 0.134003 0.135101 0.00811039 0.00376111 0.064886 0.472877 0.0245094 0.0939191 0.10986 0.0687341 0.0035516 0.0137131 0.38474 0.000337028 0.427203 0.353464 0.424633 0.212527 0.695103 0.862219 0.868403 0.149412 0.833913 0.943706 0.859084 0.154051 0.754051 0.806481 0.88385 0.142711 0.736895 0.959241 0.838106 0.176427 0.0320534 0.0856583 0.00584238 0.216968 0.00804672 0.58502 0.61597 0.976771 0.942573 0.840898 0.8854 0.106071 0.156023 0.170817 0.00708026 0.00808346 0.0702694 0.114181 0.0973776 0.0941274 0.00531364 0.01508 0.0155779 0.269378 0.416109 0.556831 0.301105 0.241137 0.239743 0.0767362 0.0138199 0.00321289 0.154198 0.0197882 0.0462294 0.00130362 0.849319 0.834222 0.115171 0.896182 0.850887 0.110765 0.723775 0.844744 0.140396 0.803138 0.852386 0.239277 0.239371 0.25315 0.768107 0.776148 0.848401 0.845929 0.034894 0.216974 0.196746 0.0238937 0.0272464 0.00483632 0.050951 0.00261218 0.0498933 0.0339553 0.00461516 0.19955 0.0693171 0.0639939 0.00761431 0.236617 0.426332 0.608534 0.396349 0.520689 0.338757 0.203144 0.0862077 0.0194904 0.0245024 0.0105301 0.211844 0.165535 0.0373712 0.840973 0.877724 0.197265 0.830625 0.897227 0.239507 0.772993 0.899777 0.427337 0.808512 0.863719 0.156675 0.119491 0.0329606 0.00277155 0.761565 0.89609 0.88148 0.871105 0.325784 0.200355 0.0758135 0.237971 0.0607542 0.0285314 0.0179317 0.00748623 0.0491395 0.0250086 0.217629 0.401066 0.00262599 0.210591 0.186866 0.134199 0.0283446 0.169955 0.180379 0.754204 0.972359 0.211158 0.872248 0.8391 0.66856 1.0 0.568693 0.243516 0.0752525 0.541297 0.991799 0.598958 0.903211 0.618401 0.585867 0.96777 1.0 0.962166 0.947889 0.395349 0.348641 0.0938585 0.220017 0.156556 0.179551 0.310381 0.00587456 0.480598 0.00680087 0.040947 0.0490773 0.69719 0.494723 0.270429 0.298594 0.242307 0.0262158 0.103227 0.0727222 0.0136838 0.0016475 0.616946 0.874887 0.645423 0.607161 0.857999 0.671543 0.757183 0.885907 0.638334 0.917076 0.92129 0.706829 0.843046 0.923721 0.924371 0.927279 0.416678 0.490503 0.0202662 0.0281678 0.00376111 0.064886 0.472877 0.0245094 0.0939191 0.10986 0.0687341 0.0035516 0.0137131 0.38474 0.000337028 0.4272 0.353464 0.424633 0.212527 0.695103 0.862219 0.868403 0.149412 0.833913 0.943706 0.859084 0.154051 0.754051 0.806482 0.88385 0.142711 0.736895 0.959241 0.838106 0.176427 0.0320534 0.0856583 0.00584238 0.216968 0.00804672 0.58502 0.61597 0.976771 0.942573 0.840898 0.8854 0.106071 0.156023 0.170817 0.00708026 0.0938585 0.220017 0.156556 0.179551 0.310381 0.00587456 0.480598 0.00680087 0.040947 0.0490773 0.69719 0.494723 0.270429 0.298594 0.242307 0.0262158 0.103227 0.0727222 0.0136838 0.0016475 0.616946 0.874887 0.645423 0.607161 0.857999 0.671543 0.757183 0.885907 0.638334 0.917076 0.92129 0.706829 0.843046 0.923721 0.924371 0.927279 0.416678 0.490503 0.0202662 0.0281678 0.0498933 0.0339553 0.00461516 0.19955 0.0693171 0.0639939 0.00761431 0.236617 0.426332 0.608534 0.396349 0.520689 0.338757 0.203144 0.0862077 0.0194904 0.0245024 0.0105301 0.211844 0.165535 0.0373712 0.840973 0.877724 0.197265 0.830625 0.897227 0.239507 0.772993 0.899777 0.427337 0.808512 0.863719 0.156675 0.119491 0.0329606 0.00277155 0.761565 0.89609 0.88148 0.871105 0.325784 0.200355 0.0758135 0.237971 0.0607542 0.00808346 0.0702694 0.114181 0.0973776 0.0941274 0.00531364 0.01508 0.0155779 0.269378 0.416109 0.556831 0.301105 0.241137 0.239743 0.0767362 0.0138199 0.00321289 0.154198 0.0197882 0.0462294 0.00130362 0.849319 0.834222 0.115171 0.896182 0.850887 0.110765 0.723775 0.844744 0.140396 0.803138 0.852386 0.239277 0.239371 0.25315 0.768107 0.776148 0.848401 0.845929 0.034894 0.216974 0.196746 0.0238937 0.0272464 0.00483632 0.050951 0.00261218 0.0285314 0.0179317 0.00748623 0.0491395 0.0250086 0.21763 0.401066 0.00262599 0.210591 0.186866 0.134199 0.0283446 0.169955 0.180379 0.754204 0.972359 0.211158 0.872248 0.8391 0.66856 1.0 0.568693 0.243516 0.0752525 0.541297 0.991799 0.598958 0.903211 0.618401 0.585867 0.96777 1.0 0.962166 0.947889 0.395349 0.348641 0.0166199 0.112107 0.850587 0.778345 0.108581 0.0259321 0.140916 0.845949 0.792165 0.14043 0.00510284 0.0143275 0.0787788 0.857289 0.65977 0.0188031 0.161894 0.823573 0.532117 0.08456 0.00729781 0.00498891 0.159102 0.111828 0.893929 0.843978 0.587517 0.578609 0.165778 0.884829 0.751302 0.149112 0.889235 0.796386 0.155256 0.859604 0.759971 0.147614 0.760723 0.823857 0.0314137 0.790341 0.822167 0.760629 0.74685 0.151599 0.154071 0.108456 0.802735 0.895091 0.22403 0.0634675 0.0969307 0.760493 0.896273 0.211445 0.067695 0.0921762 0.572662 0.892328 0.188251 0.00331719 0.116493 0.843325 0.902055 0.29544 0.11852 0.127592 0.674216 0.799645 0.850585 0.835268 0.0862475 0.135549 1.0 1.0 0.819621 0.245796 1.0 1.0 0.788842 0.127752 1.0 1.0 1.0 0.33144 1.0 1.0 0.924748 0.458703 0.0378341 0.0521112 0.604651 0.651359 1.0 1.0 1.0 1.0 1.0 1.0 0.222652 0.875 0.383054 0.0683677 0.092788 0.328457 0.856704 0.148133 0.0021684 0.0870332 0.361666 0.803931 0.101931 0.0726174 0.293171 0.868491 0.109602 0.0710809 0.0727211 0.583323 0.509498 0.875 0.875 0.378134 0.426577 0.0166199 0.112107 0.850587 0.778345 0.108581 0.0259321 0.140916 0.845949 0.792165 0.14043 0.00510284 0.0143275 0.0787788 0.857289 0.65977 0.0188031 0.161894 0.823573 0.532117 0.08456 0.00729781 0.00498891 0.159102 0.111828 0.893929 0.843978 0.587517 0.578609 0.222652 0.875 0.383054 0.0683677 0.092788 0.328457 0.856704 0.148133 0.0021684 0.0870332 0.361666 0.803931 0.101931 0.0726174 0.293171 0.868491 0.109602 0.0710809 0.0727211 0.583323 0.509498 0.875 0.875 0.378134 0.426577 0.108456 0.802735 0.895091 0.22403 0.0634675 0.0969307 0.760493 0.896273 0.211445 0.067695 0.0921762 0.572662 0.892328 0.188251 0.00331719 0.116493 0.843325 0.902055 0.29544 0.11852 0.127592 0.674216 0.799645 0.850585 0.835268 0.0862475 0.135549 0.165778 0.884829 0.751302 0.149112 0.889235 0.796386 0.155256 0.859604 0.759971 0.147614 0.760723 0.823857 0.0314137 0.790341 0.822167 0.760629 0.74685 0.151599 0.154071 1.0 1.0 0.819621 0.245796 1.0 1.0 0.788842 0.127752 1.0 1.0 1.0 0.33144 1.0 1.0 0.924748 0.458703 0.0378341 0.0521112 0.604651 0.651359 1.0 1.0 1.0 1.0 1.0 1.0 0.221655 1.0 0.891419 0.207835 1.0 0.85957 0.34023 1.0 1.0 0.467883 1.0 0.91544 0.412483 0.421391 1.0 1.0 1.0 1.0 0.248698 1.0 1.0 1.0 0.203614 1.0 1.0 1.0 0.240029 1.0 1.0 1.0 0.176142 0.968586 1.0 1.0 1.0 1.0 1.0 1.0 1.0 1.0 0.209659 0.177833 0.104909 0.77597 1.0 0.936532 0.103727 0.788555 1.0 0.932305 0.107672 0.811749 1.0 1.0 0.0979446 0.70456 1.0 1.0 0.149415 0.164732 0.913752 0.864451 1.0 1.0 1.0 1.0 1.0 1.0 0.777348 0.123352 0.143296 0.851867 1.0 1.0 0.196069 0.898069 1.0 1.0 0.131509 0.890398 1.0 1.0 0.104734 0.0968322 0.621866 0.573423 1.0 1.0 1.0 1.0 0.221655 1.0 0.891419 0.207835 1.0 0.85957 0.34023 1.0 1.0 0.467883 1.0 0.91544 0.412483 0.421391 1.0 1.0 1.0 1.0 1.0 1.0 0.777348 0.123352 0.143296 0.851867 1.0 1.0 0.196069 0.898069 1.0 1.0 0.131509 0.890398 1.0 1.0 0.104734 0.0968322 0.621866 0.573423 1.0 1.0 1.0 1.0 0.104909 0.77597 1.0 0.936532 0.103727 0.788555 1.0 0.932305 0.107672 0.811749 1.0 1.0 0.0979446 0.70456 1.0 1.0 0.149415 0.164732 0.913752 0.864451 1.0 1.0 1.0 1.0 0.248698 1.0 1.0 1.0 0.203614 1.0 1.0 1.0 0.240029 1.0 1.0 1.0 0.176142 0.968586 1.0 1.0 1.0 1.0 1.0 1.0 1.0 1.0 0.209659 0.177833
          </float_array>
          <technique_common>
            <accessor count="3077" source="#personagem_marcus-male1591-skin-weights-array" stride="1">
              <param type="float" name="WEIGHT"></param>
            </accessor>
          </technique_common>
        </source>
        <source id="personagem_marcus-male1591-skin-poses">
          <float_array count="1040" id="personagem_marcus-male1591-skin-poses-array">
            1.0000 0.0000 0.0000 0.0000
            0.0000 0.9841 -0.1776 -9.1544
            0.0000 0.1776 0.9841 -1.7248
            0.0000 0.0000 0.0000 1.0000

            0.9473 0.1108 0.3006 -1.9979
            0.0931 -0.9930 0.0726 9.0082
            0.3066 -0.0408 -0.9510 0.0181
            0.0000 0.0000 0.0000 1.0000

            0.9473 -0.1108 -0.3006 1.9979
            -0.0931 -0.9930 0.0726 9.0082
            -0.3066 -0.0408 -0.9510 0.0181
            0.0000 0.0000 0.0000 1.0000

            1.0000 0.0000 0.0000 0.0000
            0.0000 0.9811 -0.1937 -10.4607
            0.0000 0.1937 0.9811 -1.8966
            0.0000 0.0000 0.0000 1.0000

            0.9473 0.1108 0.3006 -1.9979
            0.1246 -0.9918 -0.0270 4.7818
            0.2952 0.0631 -0.9534 -0.4836
            0.0000 0.0000 0.0000 1.0000

            0.9473 -0.1108 -0.3006 1.9979
            -0.1246 -0.9918 -0.0270 4.7818
            -0.2952 0.0631 -0.9534 -0.4836
            0.0000 0.0000 0.0000 1.0000

            1.0000 0.0000 0.0000 0.0000
            0.0000 0.9811 -0.1937 -10.7251
            0.0000 0.1937 0.9811 -1.8966
            0.0000 0.0000 0.0000 1.0000

            0.9968 0.0800 0.0079 -2.0293
            0.0290 -0.4497 0.8927 0.1268
            0.0749 -0.8896 -0.4506 0.5532
            0.0000 0.0000 0.0000 1.0000

            0.9968 -0.0800 -0.0079 2.0293
            -0.0290 -0.4497 0.8927 0.1268
            -0.0749 -0.8896 -0.4506 0.5532
            0.0000 0.0000 0.0000 1.0000

            1.0000 0.0000 -0.0000 -0.0000
            -0.0000 0.9914 -0.1307 -11.0882
            0.0000 0.1307 0.9914 -1.1909
            0.0000 0.0000 0.0000 1.0000

            0.9968 0.0800 0.0079 -2.0293
            -0.0079 -0.0000 1.0000 -1.3911
            0.0800 -0.9968 0.0006 -0.0833
            0.0000 0.0000 0.0000 1.0000

            0.9968 -0.0800 -0.0079 2.0293
            0.0079 -0.0000 1.0000 -1.3911
            -0.0800 -0.9968 0.0006 -0.0833
            0.0000 0.0000 0.0000 1.0000

            1.0000 -0.0000 0.0000 0.0000
            0.0000 0.9703 0.2419 -12.0720
            -0.0000 -0.2419 0.9703 3.4769
            0.0000 0.0000 0.0000 1.0000

            0.0904 0.1728 -0.9808 -1.9069
            -0.9808 0.1863 -0.0576 -2.8192
            0.1728 0.9672 0.1863 -13.6865
            0.0000 0.0000 0.0000 1.0000

            0.0904 -0.1728 0.9808 1.9069
            0.9808 0.1863 -0.0576 -2.8192
            -0.1728 0.9672 0.1863 -13.6865
            0.0000 0.0000 0.0000 1.0000

            1.0000 0.0000 0.0000 0.0000
            0.0000 0.9971 -0.0766 -14.7844
            0.0000 0.0766 0.9971 -1.2515
            0.0000 0.0000 0.0000 1.0000

            0.6486 -0.3290 -0.6864 5.8674
            -0.6864 -0.6426 -0.3405 8.4414
            -0.3290 0.6920 -0.6426 -10.0341
            0.0000 0.0000 0.0000 1.0000

            0.6486 0.3290 0.6864 -5.8674
            0.6864 -0.6426 -0.3405 8.4414
            0.3290 0.6920 -0.6426 -10.0341
            0.0000 0.0000 0.0000 1.0000

            1.0000 -0.0000 0.0000 0.0000
            0.0000 0.9998 0.0185 -15.9277
            -0.0000 -0.0185 0.9998 0.2639
            0.0000 0.0000 0.0000 1.0000

            -0.7493 0.6563 -0.0878 -10.4267
            -0.6582 -0.7528 -0.0097 9.1511
            -0.0725 0.0505 0.9961 -1.0110
            0.0000 0.0000 0.0000 1.0000

            -0.7493 -0.6563 0.0878 10.4267
            0.6582 -0.7528 -0.0097 9.1511
            0.0725 0.0505 0.9961 -1.0110
            0.0000 0.0000 0.0000 1.0000

            0.8206 -0.5702 0.0384 9.4389
            -0.0944 -0.0689 0.9931 -0.1654
            -0.5637 -0.8186 -0.1104 13.2484
            0.0000 0.0000 0.0000 1.0000

            0.8206 0.5702 -0.0384 -9.4389
            0.0944 -0.0689 0.9931 -0.1654
            0.5637 -0.8186 -0.1104 13.2484
            0.0000 0.0000 0.0000 1.0000

            -0.7493 0.6563 -0.0878 -10.4267
            -0.5040 -0.4793 0.7185 3.8092
            0.4295 0.5827 0.6899 -5.5204
            0.0000 0.0000 0.0000 1.0000

            -0.7493 -0.6563 0.0878 10.4267
            0.5040 -0.4793 0.7185 3.8092
            -0.4295 0.5827 0.6899 -5.5204
            0.0000 0.0000 0.0000 1.0000

            0.3786 0.6727 0.6358 -6.6108
            -0.2564 -0.5838 0.7703 3.3444
            0.8894 -0.4546 -0.0486 9.2519
            0.0000 0.0000 0.0000 1.0000

            0.3786 -0.6727 -0.6358 6.6108
            0.2564 -0.5838 0.7703 3.3444
            -0.8894 -0.4546 -0.0486 9.2519
            0.0000 0.0000 0.0000 1.0000

            0.4267 0.3109 0.8493 -2.8912
            -0.5524 -0.6539 0.5169 2.7190
            0.7161 -0.6898 -0.1073 10.9464
            0.0000 0.0000 0.0000 1.0000

            0.3672 0.6776 0.6372 -6.7113
            -0.3395 -0.5402 0.7700 2.1102
            0.8660 -0.4991 0.0317 9.4487
            0.0000 0.0000 0.0000 1.0000

            0.3906 0.5892 0.7073 -5.6892
            -0.4480 -0.5496 0.7052 1.7965
            0.8042 -0.5923 0.0493 10.0546
            0.0000 0.0000 0.0000 1.0000

            0.7645 0.1816 -0.6185 3.4029
            0.6404 -0.3232 0.6967 4.7454
            -0.0734 -0.9287 -0.3634 10.3611
            0.0000 0.0000 0.0000 1.0000

            0.7237 0.5274 0.4452 -3.0411
            -0.2621 -0.3868 0.8841 0.6313
            0.6385 -0.7565 -0.1417 11.4047
            0.0000 0.0000 0.0000 1.0000

            0.4112 -0.2756 -0.8689 2.6759
            0.5506 -0.6846 0.4777 3.1390
            -0.7265 -0.6748 -0.1298 10.9123
            0.0000 0.0000 0.0000 1.0000

            0.7237 -0.5274 -0.4452 3.0411
            0.2621 -0.3868 0.8841 0.6313
            -0.6385 -0.7565 -0.1417 11.4047
            0.0000 0.0000 0.0000 1.0000

            0.3556 -0.5732 -0.7383 5.8017
            0.4551 -0.5837 0.6724 2.1909
            -0.8164 -0.5751 0.0533 9.9380
            0.0000 0.0000 0.0000 1.0000

            0.3672 -0.6776 -0.6372 6.7113
            0.3395 -0.5402 0.7700 2.1102
            -0.8660 -0.4991 0.0317 9.4487
            0.0000 0.0000 0.0000 1.0000

            0.7646 -0.1816 0.6184 -3.4021
            -0.6404 -0.3232 0.6967 4.7454
            0.0733 -0.9287 -0.3634 10.3614
            0.0000 0.0000 0.0000 1.0000

            0.4262 0.3099 0.8499 -2.8855
            -0.2860 -0.8451 0.4516 5.6508
            0.8582 -0.4355 -0.2716 9.6221
            0.0000 0.0000 0.0000 1.0000

            0.2871 0.5994 0.7472 -6.6718
            -0.3267 -0.6719 0.6646 3.0613
            0.9005 -0.4349 0.0030 9.0723
            0.0000 0.0000 0.0000 1.0000

            0.2411 0.4817 0.8425 -5.7914
            -0.4083 -0.7372 0.5384 3.6655
            0.8804 -0.4738 0.0190 9.3688
            0.0000 0.0000 0.0000 1.0000

            0.8867 -0.2051 -0.4144 7.4328
            0.3082 -0.4060 0.8603 3.2602
            -0.3447 -0.8906 -0.2968 8.5117
            0.0000 0.0000 0.0000 1.0000

            0.7305 0.5099 0.4543 -2.8571
            -0.1431 -0.5361 0.8319 2.1276
            0.6678 -0.6727 -0.3187 11.2539
            0.0000 0.0000 0.0000 1.0000

            0.4262 -0.3099 -0.8499 2.8855
            0.2860 -0.8451 0.4516 5.6508
            -0.8582 -0.4355 -0.2716 9.6221
            0.0000 0.0000 0.0000 1.0000

            0.7305 -0.5099 -0.4543 2.8571
            0.1431 -0.5361 0.8319 2.1276
            -0.6678 -0.6727 -0.3187 11.2539
            0.0000 0.0000 0.0000 1.0000

            0.2411 -0.4817 -0.8425 5.7914
            0.4083 -0.7372 0.5384 3.6655
            -0.8804 -0.4738 0.0190 9.3688
            0.0000 0.0000 0.0000 1.0000

            0.2871 -0.5994 -0.7472 6.6718
            0.3267 -0.6719 0.6646 3.0613
            -0.9005 -0.4349 0.0030 9.0723
            0.0000 0.0000 0.0000 1.0000

            0.8867 0.2051 0.4144 -7.4326
            -0.3082 -0.4060 0.8603 3.2602
            0.3447 -0.8906 -0.2968 8.5118
            0.0000 0.0000 0.0000 1.0000

            0.4215 0.3249 0.8466 -3.0480
            -0.1618 -0.8917 0.4227 6.6086
            0.8923 -0.3151 -0.3233 8.7826
            0.0000 0.0000 0.0000 1.0000

            0.2844 0.6101 0.7396 -6.7657
            -0.1381 -0.7373 0.6613 4.3552
            0.9487 -0.2902 -0.1254 8.3266
            0.0000 0.0000 0.0000 1.0000

            0.2412 0.5048 0.8289 -5.9748
            -0.2020 -0.8092 0.5516 5.1330
            0.9492 -0.3005 -0.0932 8.3923
            0.0000 0.0000 0.0000 1.0000

            0.8915 -0.1845 -0.4138 7.2414
            0.2893 -0.4711 0.8333 3.5133
            -0.3487 -0.8626 -0.3666 8.4270
            0.0000 0.0000 0.0000 1.0000

            0.7356 0.5032 0.4536 -2.7610
            -0.0101 -0.6614 0.7500 4.0527
            0.6774 -0.5562 -0.4814 10.6836
            0.0000 0.0000 0.0000 1.0000

            0.4215 -0.3249 -0.8466 3.0480
            0.1618 -0.8917 0.4227 6.6086
            -0.8923 -0.3151 -0.3233 8.7826
            0.0000 0.0000 0.0000 1.0000

            0.7356 -0.5032 -0.4536 2.7610
            0.0101 -0.6614 0.7500 4.0527
            -0.6774 -0.5562 -0.4814 10.6836
            0.0000 0.0000 0.0000 1.0000

            0.2412 -0.5048 -0.8289 5.9748
            0.2020 -0.8092 0.5516 5.1330
            -0.9492 -0.3005 -0.0932 8.3923
            0.0000 0.0000 0.0000 1.0000

            0.2844 -0.6101 -0.7396 6.7657
            0.1381 -0.7373 0.6613 4.3552
            -0.9487 -0.2902 -0.1254 8.3266
            0.0000 0.0000 0.0000 1.0000

            0.8915 0.1845 0.4138 -7.2412
            -0.2893 -0.4711 0.8333 3.5133
            0.3487 -0.8626 -0.3666 8.4271
            0.0000 0.0000 0.0000 1.0000

            0.4301 0.2982 0.8521 -2.7611
            -0.1480 -0.9078 0.3924 6.7548
            0.8905 -0.2949 -0.3463 8.6432
            0.0000 0.0000 0.0000 1.0000

            0.2894 0.5887 0.7548 -6.5855
            -0.1513 -0.7505 0.6433 4.1822
            0.9452 -0.3004 -0.1282 8.4135
            0.0000 0.0000 0.0000 1.0000

            0.2398 0.4594 0.8553 -5.6333
            -0.2305 -0.8288 0.5098 5.0148
            0.9431 -0.3194 -0.0928 8.5359
            0.0000 0.0000 0.0000 1.0000

            0.7254 0.5164 0.4551 -2.9486
            0.0176 -0.6749 0.7377 4.1120
            0.6881 -0.5271 -0.4987 10.5137
